start {"settings":{"Ceasefire":45,"CheatsEnabled":true,"CircularMap":true,"DisableSpies":false,"DisableTreasures":false,"LastManStanding":false,"LockTeams":false,"RevealMap":false,"ExploreMap":false,"Name":"Acropolis Bay (2)","PlayerData":[null,{"AI":false,"Civ":"athen","Color":{"r":21,"g":55,"b":149},"Name":"x","Team":-1},{"AI":"petra","AIDiff":"0","AIBehavior":"random","Civ":"cart","Color":{"r":150,"g":20,"b":20},"Name":"Hanno the Great","Team":-1}],"PopulationCap":300,"RegicideGarrison":false,"Seed":921491934,"AISeed":3498336790,"StartingResources":50000,"TriggerScripts":["scripts/TriggerHelper.js","scripts/ConquestCommon.js","scripts/Conquest.js"],"VictoryConditions":["conquest"]},"gameSpeed":2,"map":"maps/skirmishes/acropolis_bay_2p","mapType":"skirmish","mapPreview":"cropped:0.78125,0.5859375:session/icons/mappreview/acropolis_bay.png","matchID":"09F2952EA524E8C6","timestamp":1629965154,"engine_version":"0.0.25","mods":[{"mod":"public","name":"0ad","version":"0.0.25","ignoreInCompatibilityChecks":false},{"mod":"autociv-2021-0824","name":"autociv","version":"25.1.0","ignoreInCompatibilityChecks":true}]}
turn 0 200
end
turn 1 200
end
turn 2 200
end
turn 3 200
end
turn 4 200
end
turn 5 200
end
turn 6 200
end
turn 7 200
end
turn 8 200
end
turn 9 200
end
turn 10 200
end
turn 11 200
end
turn 12 200
end
turn 13 200
end
turn 14 200
end
turn 15 200
end
turn 16 200
end
turn 17 200
end
turn 18 200
end
turn 19 200
end
turn 20 200
end
turn 21 200
end
turn 22 200
end
turn 23 200
end
turn 24 200
end
turn 25 200
end
turn 26 200
end
turn 27 200
end
turn 28 200
end
turn 29 200
end
turn 30 200
end
turn 31 200
end
turn 32 200
end
turn 33 200
end
turn 34 200
end
turn 35 200
end
turn 36 200
end
turn 37 200
end
turn 38 200
end
turn 39 200
end
turn 40 200
end
turn 41 200
end
turn 42 200
end
turn 43 200
end
turn 44 200
end
turn 45 200
end
turn 46 200
end
turn 47 200
end
turn 48 200
end
turn 49 200
end
turn 50 200
end
turn 51 200
end
turn 52 200
end
turn 53 200
end
turn 54 200
end
turn 55 200
end
turn 56 200
end
turn 57 200
end
turn 58 200
end
turn 59 200
end
turn 60 200
end
turn 61 200
cmd 1 {"type":"walk","entities":[7079,7082,7087,7127,7128,7138,7140,7147,7150,7157,7200,7204,7206,7210,7214,7217,7221,7226,7234,7244,7246,7250,7252,7254,7257,7260,7263,7264,7268,7270,7271,7273,7274,7276,7279,7280,7282,7285,7287,7289,7290,7293,7295,7296,7298,7300,7302,7304,7307,7308,7311,7315,7316,7320,7321,7325,7326,7342,7343,7345,7349,7350,7353,7419,7421,7423,7428,7429,7430,7431,7439,7443,7444,7446,7447,7448,7449,7451,7452,7453,7454,7455,7456,7458,7459,7460,7463,7464,7465,7466,7468,7469,7470,7471,7472,7473,7475,7476,7477,7478,7484,7486,7488,7489,7491,7493,7495,7496,7497,7498,7500,7503,7504,7505,7507,7509,7511,7513,7528,7534,7538,7540,7543,7545,7547,7548,7549,7551,7552,7553,7554,7557,7558,7559,7560,7561,7563,7564,7565,7566,7567,7568,7569,7570,7571,7575,7577,7578,7579,7580,7581,7584,7585,7587,7588,7589,7590,7591,7592,7594,7595,7596,7597,7598,7599,7600,7602,7603,7604,7605,7606,7607,7609,7610,7611,7613,7614,7615,7616,7618,7619,7620,7621,7622,7623,7624,7625,7626,7627,7628,7629,7630,7631,7632,7633,7634,7635,7637,7638,7639],"x":681.1539306640625,"z":672.8560791015625,"queued":false,"pushFront":false}
end
turn 62 200
end
turn 63 200
end
turn 64 200
end
turn 65 200
end
turn 66 200
end
turn 67 200
end
turn 68 200
end
turn 69 200
cmd 1 {"type":"walk","entities":[7079,7082,7087,7127,7128,7138,7140,7147,7150,7157,7200,7204,7206,7210,7214,7217,7221,7226,7234,7244,7246,7250,7252,7254,7257,7260,7263,7264,7268,7270,7271,7273,7274,7276,7279,7280,7282,7285,7287,7289,7290,7293,7295,7296,7298,7300,7302,7304,7307,7308,7311,7315,7316,7320,7321,7325,7326,7342,7343,7345,7349,7350,7353,7419,7421,7423,7428,7429,7430,7431,7439,7443,7444,7446,7447,7448,7449,7451,7452,7453,7454,7455,7456,7458,7459,7460,7463,7464,7465,7466,7468,7469,7470,7471,7472,7473,7475,7476,7477,7478,7484,7486,7488,7489,7491,7493,7495,7496,7497,7498,7500,7503,7504,7505,7507,7509,7511,7513,7528,7534,7538,7540,7543,7545,7547,7548,7549,7551,7552,7553,7554,7557,7558,7559,7560,7561,7563,7564,7565,7566,7567,7568,7569,7570,7571,7575,7577,7578,7579,7580,7581,7584,7585,7587,7588,7589,7590,7591,7592,7594,7595,7596,7597,7598,7599,7600,7602,7603,7604,7605,7606,7607,7609,7610,7611,7613,7614,7615,7616,7618,7619,7620,7621,7622,7623,7624,7625,7626,7627,7628,7629,7630,7631,7632,7633,7634,7635,7637,7638,7639],"x":685.0717163085938,"z":684.3140258789062,"queued":false,"pushFront":false}
end
turn 70 200
end
turn 71 200
end
turn 72 200
end
turn 73 200
end
turn 74 200
end
turn 75 200
cmd 1 {"type":"walk","entities":[7079,7082,7087,7127,7128,7138,7140,7147,7150,7157,7200,7204,7206,7210,7214,7217,7221,7226,7234,7244,7246,7250,7252,7254,7257,7260,7263,7264,7268,7270,7271,7273,7274,7276,7279,7280,7282,7285,7287,7289,7290,7293,7295,7296,7298,7300,7302,7304,7307,7308,7311,7315,7316,7320,7321,7325,7326,7342,7343,7345,7349,7350,7353,7419,7421,7423,7428,7429,7430,7431,7439,7443,7444,7446,7447,7448,7449,7451,7452,7453,7454,7455,7456,7458,7459,7460,7463,7464,7465,7466,7468,7469,7470,7471,7472,7473,7475,7476,7477,7478,7484,7486,7488,7489,7491,7493,7495,7496,7497,7498,7500,7503,7504,7505,7507,7509,7511,7513,7528,7534,7538,7540,7543,7545,7547,7548,7549,7551,7552,7553,7554,7557,7558,7559,7560,7561,7563,7564,7565,7566,7567,7568,7569,7570,7571,7575,7577,7578,7579,7580,7581,7584,7585,7587,7588,7589,7590,7591,7592,7594,7595,7596,7597,7598,7599,7600,7602,7603,7604,7605,7606,7607,7609,7610,7611,7613,7614,7615,7616,7618,7619,7620,7621,7622,7623,7624,7625,7626,7627,7628,7629,7630,7631,7632,7633,7634,7635,7637,7638,7639],"x":687.686279296875,"z":694.9282836914062,"queued":false,"pushFront":false}
end
turn 76 200
end
turn 77 200
end
turn 78 200
end
turn 79 200
end
turn 80 200
end
turn 81 200
end
turn 82 200
end
turn 83 200
end
turn 84 200
end
turn 85 200
end
turn 86 200
end
turn 87 200
end
turn 88 200
end
turn 89 200
end
turn 90 200
end
turn 91 200
end
turn 92 200
end
turn 93 200
end
turn 94 200
end
turn 95 200
end
turn 96 200
end
turn 97 200
end
turn 98 200
end
turn 99 200
end
turn 100 200
end
turn 101 200
end
turn 102 200
end
turn 103 200
end
turn 104 200
end
turn 105 200
end
turn 106 200
end
turn 107 200
end
turn 108 200
end
turn 109 200
end
turn 110 200
end
turn 111 200
end
turn 112 200
end
turn 113 200
end
turn 114 200
end
turn 115 200
end
turn 116 200
end
turn 117 200
end
turn 118 200
end
turn 119 200
cmd 1 {"type":"walk","entities":[7658],"x":615.8128662109375,"z":676.25634765625,"queued":false,"pushFront":false}
end
turn 120 200
end
turn 121 200
end
turn 122 200
end
turn 123 200
end
turn 124 200
end
turn 125 200
end
turn 126 200
end
turn 127 200
end
turn 128 200
end
turn 129 200
end
turn 130 200
end
turn 131 200
end
turn 132 200
end
turn 133 200
end
turn 134 200
end
turn 135 200
end
turn 136 200
end
turn 137 200
end
turn 138 200
end
turn 139 200
end
turn 140 200
end
turn 141 200
end
turn 142 200
end
turn 143 200
end
turn 144 200
end
turn 145 200
end
turn 146 200
end
